155.24
155.24
155.24
173.82
177.18
177.18
177.18
178.07999999999998
178.07999999999998
178.07999999999998
179.7
179.7
179.7
182.18
187.83999999999997
187.83999999999997
187.83999999999997
191.49999999999997
191.49999999999997
191.49999999999997
192.0
192.0
192.0
192.6
192.6
192.6
192.72
197.18
199.98000000000002
199.98000000000002
199.98000000000002
200.36
200.36
200.72
200.72
200.72
209.88
209.88
209.88
209.98000000000002
209.98000000000002
209.98000000000002
211.1
211.1
211.1
215.76
215.76
215.76
217.84
220.42000000000002
220.42000000000002
220.42000000000002
222.34
222.34
223.74
223.74
223.74
228.68
228.68
228.68
229.14
233.66000000000003
233.66000000000003
233.66000000000003
236.0
236.0
236.0
237.03999999999996
237.03999999999996
237.03999999999996
238.48000000000002
238.48000000000002
238.48000000000002
239.71999999999997
239.71999999999997
239.71999999999997
241.51999999999998
241.51999999999998
241.51999999999998
243.9
243.9
243.9
246.4
246.4
246.4
249.07999999999998
252.38
252.38
252.38
252.42
253.74
253.74
253.74
256.9
256.9
256.9
262.04
262.04
262.04
262.15999999999997
262.15999999999997
262.15999999999997
262.68
265.28
265.28
267.88
267.88
267.88
270.41999999999996
270.41999999999996
270.84
271.34
273.24
273.24
273.24
274.53999999999996
274.53999999999996
274.53999999999996
275.84
275.84
275.84
284.03999999999996
284.03999999999996
284.03999999999996
288.7
288.7
292.9
292.9
292.9
298.78
298.78
298.78
299.28
299.28
299.28
307.94
307.94
315.9
315.9
318.44000000000005
318.44000000000005
322.02
322.02
325.1
341.17999999999995
341.17999999999995
341.17999999999995
346.74
346.74
346.74
